Timestep  Iteration  resNorm(0)  resNorm(1)  
1  1  0.0267058876138907  0.0296169474412951  
1  2  0.0238888751923937  0.0244676662300904  
1  3  0.0011939124038733  0.0002031522608406  
1  4  0.0001130050349808  0.0001264990558298  
1  5  0.0000075425947943  0.0000146555395505  
1  6  0.0000053928122983  0.0000050005197519  
1  7  0.0000017327272967  0.0000026824301307  
1  8  0.0000013344184555  0.0000011772205438  
1  9  0.0000005610059345  0.0000007747329089  
2  1  0.0007631623020222  0.0010121284941120  
2  2  0.0000112274770237  0.0000064660735943  
2  3  0.0000073154375325  0.0000036876653238  
2  4  0.0000060634078310  0.0000034833594831  
2  5  0.0000023994913570  0.0000019689177835  
2  6  0.0000015840269902  0.0000008978215851  
2  7  0.0000007586351661  0.0000005203576731  
3  1  0.0001279892444667  0.0002468278788883  
3  2  0.0000011873841594  0.0000016170602570  
3  3  0.0000005379833348  0.0000008965586002  
4  1  0.0000204016363927  0.0001235204251007  
4  2  0.0000015028013098  0.0000004263731128  
4  3  0.0000009625433357  0.0000005479035165  
5  1  0.0000158887675578  0.0000963428324611  
5  2  0.0000005184781595  0.0000002664739968  
6  1  0.0000331877742507  0.0000897834349470  
6  2  0.0000009002027697  0.0000003709430915  
7  1  0.0000428806087513  0.0000713035149769  
7  2  0.0000005818318090  0.0000002842811459  
8  1  0.0000438588368838  0.0000456198726576  
8  2  0.0000005734988233  0.0000001987918670  
9  1  0.0000378790219256  0.0000340896038895  
9  2  0.0000006124036084  0.0000001967693741  
10  1  0.0000316358235649  0.0000413025383924  
10  2  0.0000002395318901  0.0000001220199924  
11  1  0.0000300341061135  0.0000488948469799  
11  2  0.0000001891054316  0.0000000913006284  
12  1  0.0000309663148953  0.0000407383269418  
12  2  0.0000002598742453  0.0000000767702053  
13  1  0.0000291601269337  0.0000237537989242  
13  2  0.0000003287020313  0.0000001858973467  
14  1  0.0000235585937078  0.0000166826736795  
14  2  0.0000002255289111  0.0000002057247105  
15  1  0.0000185698645958  0.0000242136327040  
15  2  0.0000001972295963  0.0000000818451127  
16  1  0.0000177001670554  0.0000320896834619  
16  2  0.0000001155513751  0.0000000650313972  
17  1  0.0000191521781318  0.0000270299179294  
17  2  0.0000001894311125  0.0000000870614506  
18  1  0.0000185104971387  0.0000142821280679  
18  2  0.0000001626011314  0.0000000879297090  
19  1  0.0000147541665738  0.0000090525673596  
19  2  0.0000000677800647  0.0000000688432420  
20  1  0.0000112500547900  0.0000156441950373  
20  2  0.0000000846606601  0.0000000782895446  